---------------------Begin Competitive Learning---------------------
Initial weights
0.1701688963887691, 0.9880017940351369, 0.8498142822593003, 0.06979316848688333, 0.582695469726883, 0.35371338907916106, 0.0978273414049532, 0.6598154607876557, 0.6168806541183917, 0.1491522537525719, 0.6746175606858992, 0.6728342464066144, 0.6686693872703847, 0.5373758469902009, 0.28678463711141344, 0.9469019565740845, 0.7351763837151656, 0.0936208119793891, 0.06554869788898088, 0.4472732244375538, 0.7428536024864681, 0.3094239063751215, 0.4860152886436644, 0.04497634765357472, 0.8780812202396588, 0.5548009642296479, 0.011962307139269157, 0.8116249936759938, 0.6976780413738766, 0.526224940104783, 0.39452433417452293, 0.9504954724452921, 0.8876482806192066, 0.24427581708412538, 0.8470947166421855, 0.8481534766843909, 0.2855516371932578, 0.6072190490602151, 0.7689614065774196, 0.5014210113607814, 0.1852037649041136, 0.3554009175002796, 0.29663762818054484, 0.7512330710770482, 0.0019849275037957526, 0.056232796811842234, 0.7245440498655528, 0.33794055819639346, 0.09285460618405117, 0.38066900921547087, 0.7556440286619431, 0.7818745118729817, 0.8972403033485014, 0.5094651865234859, 0.6178292046031418, 0.48849379469381526, 0.5932892123490279, 0.9811377497691537, 0.3132979715701404, 0.27919676076771005, 0.14854129010020956, 0.6734272730973657, 0.6558641086217007, 0.756885124963345, 0.9849031877091003, 0.8962015297031634, 0.2950794020101948, 0.5296256699336429, 0.47487231771142147, 0.7661167924004524, 0.6262477885937308, 0.33626396627707134, 0.13928086822984365, 0.1319889862593535, 0.34185527726820053, 0.5446011849630029, 0.7263999351969462, 0.32470864179485004, 0.39263451545662065, 0.32575392626672983, 0.3180640741100136, 0.9166670625610686, 0.29542808952016186, 0.04757385691469673, 0.23054699414770696, 0.49304300359449416, 0.05021042159089928, 0.07551226419907242, 0.7562394573508003, 0.16093319714712306, 0.41007321397420793, 0.2210724951342945, 0.7267507337529231, 0.15219175940632534, 0.8856743770741433, 0.5360006950001669, 0.46887527434840004, 0.41197669601045084, Initial labels
Cluster 0: 3, 6, 14, 16, 21, 23, 24, 26, 34, 35, 65, 66, 68, 72, 78, 82, 84, 86, 122, 124, 125, 128, 133, 141, 143, 145, 150, 151, 161, 167, 168, 185, 193,
Cluster 1:
Cluster 2: 32, 42, 43, 67, 109, 110, 148, 179, 191, 194, 200,
Cluster 3:
Cluster 4: 4, 8, 9, 10, 12, 13, 15, 18, 19, 22, 27, 28, 29, 30, 31, 33, 36, 37, 38, 40, 41, 44, 45, 46, 47, 48, 49, 50, 51, 52, 53, 54, 56, 57, 59, 60, 61, 62, 63, 64, 69, 71, 74, 75, 76, 77, 80, 81, 83, 85, 87, 88, 89, 90, 91, 92, 93, 94, 95, 96, 97, 98, 99, 100, 101, 102, 103, 104, 105, 106, 107, 108, 111, 113, 114, 116, 117, 118, 120, 123, 126, 127, 130, 131, 132, 134, 135, 136, 137, 138, 139, 140, 142, 144, 146, 152, 153, 155, 156, 157, 158, 159, 160, 162, 163, 165, 166, 170, 171, 172, 173, 175, 176, 177, 178, 180, 183, 184, 186, 187, 188, 189, 190, 192, 195, 196, 197, 198, 201, 202, 203, 204, 205, 206, 207, 208, 209,
Cluster 5:
Cluster 6: 0, 1, 2, 5, 7, 11, 17, 20, 25, 39, 55, 58, 70, 73, 79, 112, 115, 119, 121, 129, 149, 154, 164, 169, 174, 181, 182, 199,
Cluster 7: 147,
Cluster 8:
Cluster 9:

Iteration: 1000
Outputs
1.812930530438015, 1.4649047689680939, 1.7732473934082211, 0.9768791282403433, 2.7139120059700375, 1.3328145538791578, 2.001296846944855, 1.8034145313201329, 1.4019917612744028, 1.2959480565478088,
Output 4 will be set to max value

Iteration: 2000
Outputs
3.5318645935887694, 4.417606647560204, 4.480566610701588, 2.811035759565278, 4.9087658206300295, 4.0004066595373065, 4.635133127085569, 3.8761067797253275, 3.2180016911904015, 3.1987636833758377,
Output 4 will be set to max value

Iteration: 3000
Outputs
1.8937769745785475, 1.700286462380645, 1.9779431453459546, 1.111494844706331, 3.2863367461653876, 1.5864477424743924, 1.8928731649211405, 1.9169989895837416, 1.5995304778998936, 1.5008229056204163,
Output 4 will be set to max value

Iteration: 4000
Outputs
1.5123892461338708, 0.7429214287936869, 1.1155802885929575, 0.5826258583415986, 3.160694735515853, 0.786853320468641, 1.410115764976503, 1.4399751717608258, 1.1117227656538753, 0.9961662289903901,
Output 4 will be set to max value

Iteration: 5000
Outputs
2.1184285414790227, 1.4500232742406478, 1.5560400574382625, 0.9689736532337356, 0.6327425642148181, 1.5979803603773308, 3.8315166162101435, 1.7958449392974152, 1.4596287832266466, 1.36374069625469,
Output 6 will be set to max value

Iteration: 6000
Outputs
2.1004025729957143, 1.5214691560139815, 1.584225416452922, 1.0053614657117427, 0.7916742777554675, 1.7225248825535482, 3.78843543888854, 1.7622059831545078, 1.6120321256037058, 1.5179123713990523,
Output 6 will be set to max value

Iteration: 7000
Outputs
1.8721456913607577, 1.7623714811527178, 2.000600197325808, 1.161567545121498, 3.44235136247094, 1.6704056148826356, 1.8653690173414803, 1.9018633351397, 1.6456335456176334, 1.570155961893768,
Output 4 will be set to max value

Iteration: 8000
Outputs
1.9852488230871117, 1.5861346884051106, 1.8892819630701987, 1.1130836916643254, 4.037156611987143, 1.4541610208684466, 1.8407708717261784, 2.002670609366058, 1.593554533499808, 1.501819233533357,
Output 4 will be set to max value

Iteration: 9000
Outputs
3.241046160592751, 4.033611591663782, 4.045653698689399, 2.5772189825030742, 3.7223638218066384, 3.736820400283335, 4.259357576593614, 3.514350726588341, 3.0241269156591146, 3.0170557686225856,
Output 6 will be set to max value

Final weights
0.1729534909434753, 0.9880017940351369, 0.8422528582825594, 0.06979316848688333, -0.10796239303876555, 0.35371338907916106, -0.11016877024661523, 0.6598154607876557, 0.6168806541183917, 0.1491522537525719, 0.6777193186774901, 0.6728342464066144, 0.6607894871220823, 0.5373758469902009, 0.3010665678441939, 0.9469019565740845, 0.6934075665624043, 0.0936208119793891, 0.06554869788898088, 0.4472732244375538, 0.7514287731331062, 0.3094239063751215, 0.4811183820759136, 0.04497634765357472, 3.6599255689471035, 0.5548009642296479, 0.30635470369078155, 0.8116249936759938, 0.6976780413738766, 0.526224940104783, 0.39697721048202195, 0.9504954724452921, 0.8801633917265163, 0.24427581708412538, 1.0790203950618875, 0.8481534766843909, 0.2837256001834817, 0.6072190490602151, 0.7689614065774196, 0.5014210113607814, 0.18925458946374552, 0.3554009175002796, 0.2899601409061127, 0.7512330710770482, -0.20115293092403028, 0.056232796811842234, 0.4942000785062307, 0.33794055819639346, 0.09285460618405117, 0.38066900921547087, 0.763866584202776, 0.7818745118729817, 0.8934481541002285, 0.5094651865234859, 0.9864910585135095, 0.48849379469381526, 0.47827025320366606, 0.9811377497691537, 0.3132979715701404, 0.27919676076771005, 0.15143856594524222, 0.6734272730973657, 0.6483372070587115, 0.756885124963345, 0.35591073669294043, 0.8962015297031634, 0.6648091905033845, 0.5296256699336429, 0.47487231771142147, 0.7661167924004524, 0.6396518142002487, 0.33626396627707134, 0.13532456981513583, 0.1319889862593535, -2.013566580905709, 0.5446011849630029, 2.3304275567261694, 0.32470864179485004, 0.39263451545662065, 0.32575392626672983, 0.3180640741100136, 0.9166670625610686, 0.29542808952016186, 0.04757385691469673, 0.23054699414770696, 0.49304300359449416, 0.05021042159089928, 0.07551226419907242, 0.7562394573508003, 0.16093319714712306, 0.41007321397420793, 0.2210724951342945, 0.7267507337529231, 0.15219175940632534, 0.8856743770741433, 0.5360006950001669, 0.46887527434840004, 0.41197669601045084, Final labels
Cluster 0:
Cluster 1:
Cluster 2:
Cluster 3:
Cluster 4: 4, 8, 9, 10, 15, 19, 30, 31, 33, 36, 38, 40, 45, 47, 48, 51, 53, 54, 57, 59, 61, 62, 63, 69, 71, 74, 75, 80, 81, 83, 85, 91, 92, 93, 95, 97, 98, 99, 100, 101, 105, 106, 113, 116, 117, 118, 123, 126, 127, 131, 132, 135, 137, 138, 140, 142, 144, 146, 147, 148, 152, 153, 154, 155, 156, 157, 159, 170, 171, 173, 177, 178, 183, 186, 188, 189, 194, 196, 197, 201, 202, 203, 204, 207, 209,
Cluster 5:
Cluster 6: 0, 1, 2, 3, 5, 6, 7, 11, 12, 13, 14, 16, 17, 18, 20, 21, 22, 23, 24, 25, 26, 27, 28, 29, 32, 34, 35, 37, 39, 41, 42, 43, 44, 46, 49, 50, 52, 55, 56, 58, 60, 64, 65, 66, 67, 68, 70, 72, 73, 76, 77, 78, 79, 82, 84, 86, 87, 88, 89, 90, 94, 96, 102, 103, 104, 107, 108, 109, 110, 111, 112, 114, 115, 119, 120, 121, 122, 124, 125, 128, 129, 130, 133, 134, 136, 139, 141, 143, 145, 149, 150, 151, 158, 160, 161, 162, 163, 164, 165, 166, 167, 168, 169, 172, 174, 175, 176, 179, 180, 181, 182, 184, 185, 187, 190, 191, 192, 193, 195, 198, 199, 200, 205, 206, 208,
Cluster 7:
Cluster 8:
Cluster 9:

----------------------End Competitive Learning----------------------
Completed iteration 1 of 1

Algorithm: CompetitiveLearning, iterations: 1, dataset: data/seeds.data, size: 210, attributes: 8
-------------------------------------------Averages-------------------------------------------
Algorithm           | Percent Clustered | Cluster Size | Cluster Count | Separation | Cohesion
CompetitiveLearning | 100.000           | 70.000       | 3.000         | 1.253      | 0.524
